spawns:
  default:
    world: 6098c9b2-6884-46f5-991d-b6118d7adcdd
    world-name: world
    x: -248.96608079822292
    y: 70.0625
    z: 127.27753567925153
    yaw: -0.3206787109375
    pitch: 12.750185012817383
